world: 1a74786a-fc9a-4b08-9c45-a8fdcc3a7581
world-name: arena
x: 0.4927210990869787
y: 62.0
z: 0.5681199273279699
yaw: -90.64107513427734
pitch: 0.39024820923805237
name: arena
lastowner: 1f94f176-d12e-4907-86fb-439e3fb36d02
