world: ddc760f5-a4ed-4d08-8496-1fcb555a9f10
world-name: spawn
x: -49.55835352322891
y: 93.0
z: 9.776359930039606
yaw: 42.612548828125
pitch: 1.4882125854492188
name: Bank
lastowner: 1f94f176-d12e-4907-86fb-439e3fb36d02
