world: bbb2403f-161c-457c-8f1f-6313e6b80774
world-name: spawn
x: -56.70987003541648
y: 89.0
z: 85.48736273117808
yaw: 40.663848876953125
pitch: 2.6882705688476562
name: dungeon
lastowner: 40f4cca1-2980-3140-92d9-58c6904b4721
