world: bbb2403f-161c-457c-8f1f-6313e6b80774
world-name: spawn
x: 71.62259753423406
y: 98.0
z: 72.47038386798557
yaw: -44.111328125
pitch: -4.500006675720215
name: Enchanting
lastowner: 40f4cca1-2980-3140-92d9-58c6904b4721
