world: bbb2403f-161c-457c-8f1f-6313e6b80774
world-name: spawn
x: -47.60391676802109
y: 102.0
z: -91.70339899781848
yaw: 148.81417846679688
pitch: -6.31173038482666
name: Farming
lastowner: 40f4cca1-2980-3140-92d9-58c6904b4721
