world: bbb2403f-161c-457c-8f1f-6313e6b80774
world-name: spawn
x: -94.41920000392253
y: 96.0
z: -28.581129164349402
yaw: 123.4642105102539
pitch: -0.7617521286010742
name: Forging
lastowner: 40f4cca1-2980-3140-92d9-58c6904b4721
