world: b73e606b-2223-418c-9775-af72a6b3ee8e
world-name: Mine
x: 60.26518756597953
y: 97.0
z: 146.03018508669604
yaw: 178.56777954101562
pitch: -6.2111735343933105
name: Mines
lastowner: 1f94f176-d12e-4907-86fb-439e3fb36d02
