world: ddc760f5-a4ed-4d08-8496-1fcb555a9f10
world-name: spawn
x: -41.6509434983193
y: 92.0625
z: -5.46392247970154
yaw: -88.86329650878906
pitch: 3.7286152839660645
name: shop
lastowner: 1f94f176-d12e-4907-86fb-439e3fb36d02
