world: ddc760f5-a4ed-4d08-8496-1fcb555a9f10
world-name: spawn
x: -32.20723617095636
y: 91.0
z: -53.713604620134504
yaw: 58.633056640625
pitch: -0.6858711838722229
name: Village
lastowner: 1f94f176-d12e-4907-86fb-439e3fb36d02
