spawns:
  default:
    world: 2f992acc-ddc9-46cf-8ff9-182e3e5756c8
    world-name: world
    x: 242.50966099677012
    y: 63.0
    z: 1348.503744159883
    yaw: -179.85000610351562
    pitch: -1.2000081539154053
