world: Server
x: 0.9756859804605924
y: 108.0
z: -212.66784232609402
yaw: 186.21194
pitch: -1.8360181
name: acaciaforest
lastowner: 556945d5-7ffe-4d60-a826-2163fe443f38
