world: Server
x: 76.39044962465033
y: 99.0
z: 310.25886493811515
yaw: 1.492599
pitch: -3.6827273
name: barn
lastowner: 556945d5-7ffe-4d60-a826-2163fe443f38
