world: Server
x: -255.06123280964508
y: 107.0
z: 82.33551192514116
yaw: -304.32355
pitch: -4.9198337
name: deepcaverns
lastowner: 556945d5-7ffe-4d60-a826-2163fe443f38
