world: Server
x: 424.5291923493907
y: 102.0
z: 178.23334548550454
yaw: -2.4988098
pitch: -0.3707963
name: End
lastowner: 556945d5-7ffe-4d60-a826-2163fe443f38
