world: Server
x: 58.1178059688794
y: 87.0
z: 158.36422642160608
yaw: 0.39743516
pitch: -3.8652515
name: farm
lastowner: 556945d5-7ffe-4d60-a826-2163fe443f38
