world: Server
x: -358.5
y: 84.0
z: 137.5
yaw: 270.99786
pitch: -1.641132
name: lapismine
lastowner: 556945d5-7ffe-4d60-a826-2163fe443f38
