world: Server
x: 614.5468317156624
y: 90.0
z: -28.453575956460117
yaw: -90.04587
pitch: -5.450225
name: Nether
lastowner: 556945d5-7ffe-4d60-a826-2163fe443f38
