world: Server
x: 60.77559162233367
y: 88.0
z: -17.959739073778987
yaw: 232.17258
pitch: 2.3881745E-8
name: oakforest
lastowner: 556945d5-7ffe-4d60-a826-2163fe443f38
