world: Server
x: -358.5
y: 14.0
z: 137.5
yaw: 271.28998
pitch: -1.9676408
name: obsidianmine
lastowner: 556945d5-7ffe-4d60-a826-2163fe443f38
