world: Server
x: -358.5
y: 69.0
z: 137.5
yaw: 270.09207
pitch: -1.2057621
name: redstonemine
lastowner: 556945d5-7ffe-4d60-a826-2163fe443f38
