world: Server
x: 0.0
y: 88.0
z: 0.0
yaw: 0.54757875
pitch: -0.73010415
name: Spawn
lastowner: 556945d5-7ffe-4d60-a826-2163fe443f38
