world: Server
x: 275.93886428710573
y: 73.0
z: -40.61102131012492
yaw: -77.71249
pitch: 0.81396097
name: spidersden
lastowner: 556945d5-7ffe-4d60-a826-2163fe443f38
